EFV01A  1669  1298                                                                
EFV01A  1670  2471   912  2503  2723  3330  4060  3103  1604  1688  2357          
EFV01A  1680  4015  2300  1540  2832  5024  3068  1767  2964  3501  2532          
EFV01A  1690  1727  1781  2303  1958  2390  1420  1231  1453  2062  1578          
EFV01A  1700  3319  3534  4854   558   289  1408  1590  1477   461  2268          
EFV01A  1710  2571  1215  1004  1590  1571  2288  2073    47   309  1956          
EFV01A  1720  1563   700  1147  1725  2195  3097  2772  3657  1994  1650          
EFV01A  1730  2357  2398  1453  1886   316   547  1001  1384    79   133          
EFV01A  1740   308    92  1441  2016   718  2314  1462  2302  1566  1229          
EFV01A  1750  1901  1444  1103   462  1741  1174   272  1005   470   925          
EFV01A  1760   364   977   964   862  1159   382  1441  1691  1861  1000          
EFV01A  1770  1171  1281  1045  1640  1035  1926  1129  1652  1104  1238          
EFV01A  1780  1291  1246   961   354   168    86   679  1006   795   741          
EFV01A  1790   554   880   632   330   266   453  1016   841   203   916          
EFV01A  1800   456   935   827   622   229     0   136    58   164    67          
EFV01A  1810   466   568   288   369   483   238    69   496   396   153          
EFV01A  1820   334   404   186   491   520   431   246   722   782   324          
EFV01A  1830   816    47   753   215   186   209   337   754   590   803          
EFV01A  1840   102   593   289   458   649   366   158   192   273   561          
EFV01A  1850   160   297   636   890   915   336   227   207   115   428          
EFV01A  1860   262   258   501    66   268    36  1048   650   696   289          
EFV01A  1870   707   383   409   568   155   504   305   690   683   913          
EFV01A  1880   723  1003   502   693   348   724   270   586   558   176          
EFV01A  1890   256   627   656   165   665   271   259   137   633   582          
EFV01A  1900   455   277   166   343   434   462   503   900  1019  1608          
EFV01A  1910  1100   811   911  1735   778  1301  1484  1107   899   451          
EFV01A  1920   854   814   371   443   877   550   403   391   508   649          
EFV01A  1930   213   648   644   514   392   602   505   261   609   596          
EFV01A  1940   386   467   696   480   525   596   251   414   245   332          
EFV01A  1950   445   463   499    87    90    53   584   809   660   319          
EFV01A  1960   202   192   548   640   290   294   109   413   405   208          
EFV01A  1970   426   325   219   131   525   268   440   194   428   274          
EFV01A  1980   345   546   608   415   455   130   769   518   124   514          
EFV01A  1990   508   668   377  1301   501   504   796 -9999                      
EFV13B  1678  2507  1630                                                          
EFV13B  1680  4594  4964  2316  3557  4297  2524  1907  2265  1548  1218          
EFV13B  1690  1605   967   805  1050  1027   953   864   792  1396  1721          
EFV13B  1700  2407  2506  2067   231   122   744  1512  1379   517   958          
EFV13B  1710  1325   598   745  1256   990  1493  1229   607   742  1044          
EFV13B  1720   839   754   764  1280  1041  1360  1202  1039   901   755          
EFV13B  1730  1098  1400   955  1254   277   445   334  1030   113   316          
EFV13B  1740    99   254   547   133     0   305   370   557   445   181          
EFV13B  1750   504   522   216   194   320   150    72   365   199   241          
EFV13B  1760   222   394   449   366   315   128   475   401   721   349          
EFV13B  1770   415   447   350   593   308   858   212   864   523   714          
EFV13B  1780   698   774   452   232     0     0   138   375   111   155          
EFV13B  1790    37   168   106    87    62    75   257   181    50   379          
EFV13B  1800   173   211   471   348   112     0   100     0     0    58          
EFV13B  1810   157   192   109   127    96   162     0   262   222    54          
EFV13B  1820   144   410   111   198   229   388   199   345   547   206          
EFV13B  1830   543    30   478   191   124   230   234   392   451   490          
EFV13B  1840   338   215   287   520   194    78     0    99   181   348          
EFV13B  1850   107   217   254   493   482   293   228    84    80     0          
EFV13B  1860   231   203   238     0   325   147   608   385   328   184          
EFV13B  1870   416   240   370   509   165   462   283   517   550   740          
EFV13B  1880   627   675   639   815   278   649   308   535   710   257          
EFV13B  1890   128   268   455   137   320   173   174    80   510   420          
EFV13B  1900   316   179   234   279   352   388   518   998  1231  2039          
EFV13B  1910   898   714   707  1701  1157  1234  1742  1058  1103   536          
EFV13B  1920   793  1143   446   575  1084  1322   862   962  1346   980          
EFV13B  1930   442  1072   994   575   722   897   923   314  1207  1107          
EFV13B  1940   935   945  1399  1229  1302  1267   896   839   749   716          
EFV13B  1950  1004  1442   899   139   186     0   340   363   382   346          
EFV13B  1960   461   334   612  1172   703   832   391   765   952   771          
EFV13B  1970   956   715   515   459   994   811   873   401   685   631          
EFV13B  1980   890  1226  1519  1090   787   382  1056   949   511   902          
EFV13B  1990   810   894  1063   958   223   815   926  1012  1178  1063          
EFV13B  2000   880   360   422   612   161   713 -9999                            
EFV14A  1610  1271  2867  1405  1271   320  1550   536  1685   998  1823          
EFV14A  1620  1385  2273   896  1455  2406  1237   799   647  1293   836          
EFV14A  1630   655   246   157  1703   612   699   517   476   919  1332          
EFV14A  1640  2484  1919  1070   977   399   820   715   449   595   219          
EFV14A  1650   480   453   389   353   720  1122   513   157   303   197          
EFV14A  1660   577   824   735   634   392   333  1282  1211  1518   900          
EFV14A  1670   877   203  1489  1337  1410  1592  1285   882   514   661          
EFV14A  1680  1112   368   293   398  2065  1392   644   683   512   271          
EFV14A  1690   279   348   291   369   427   182   436   306   447   404          
EFV14A  1700   828   823  1084   266    63   212   182   268   153   434          
EFV14A  1710   898   392   323   918   459   682   722   245   333   479          
EFV14A  1720   538   483   906  1173  1414  1983  2549  2168  2379  1862          
EFV14A  1730   272   520   496   409   109   171   138   530    57    97          
EFV14A  1740    34   381   616   380    60   390   405   635   945   324          
EFV14A  1750  1120   694   380   280  1020   859   679  1525   644   980          
EFV14A  1760   297   575   465   634   683   111   610  1272  1709  2334          
EFV14A  1770  2596  1943  1089  1702  1008   984   995   938  1164  1134          
EFV14A  1780  1112   946  1618   430   144    69   656  1149   912  1449          
EFV14A  1790   804  1530  1050   208   326   361   744   606   168   413          
EFV14A  1800   170   155   261   315   106     0    96   127     0    34          
EFV14A  1810   138   290   261   283   414   171    76   330   433   307          
EFV14A  1820   430   598   410   948  1493  1053   829   929   899   710          
EFV14A  1830   771   145   670   359   380   280   517   592   722   969          
EFV14A  1840    21   440   221   388   422   192    82   258   113   935          
EFV14A  1850   237   187   194   781  1216   533   294   380   154   369          
EFV14A  1860   265   254   523    92   159    41   798   459   824   425          
EFV14A  1870   674   690   757   610   210   508   512   754   808   992          
EFV14A  1880   723  1190   844  1012   625   857   183  1244  1574   399          
EFV14A  1890   445   550   510   179   929   362   229   218   537   644          
EFV14A  1900   571   343   228   550   446   649   514  1713  1702  1967          
EFV14A  1910  1749  1315  1141  1888  1219  1383  3260  2592  2497   937          
EFV14A  1920  2321  1811  1396  1095  2227  1363   704  1300  3090  2701          
EFV14A  1930  1014  1346  1717   870   759   801   964   313  1141  1095          
EFV14A  1940   900   740  1003  1020  1001  1284   755   570   411   562          
EFV14A  1950   983  1266   532   124   359    65   505   704   483   791          
EFV14A  1960   563   311   760  1182   552  1107   329   633   964   589          
EFV14A  1970   574   710   678   262   688   395   583   188   696   483          
EFV14A  1980   450   744   947   366   237   115   604   374    56   509          
EFV14A  1990   336   337   406   322    50   426   461   501   339   496          
EFV14A  2000   281 -9999                                                          
EFV01B  1680  4043  2131  1495  2897  4007  3840  2185  3344  3535  2983          
EFV01B  1690  1911  3088  2847  2045  3484  2179  1565  2116  2697  2613          
EFV01B  1700  5293  4784  5090   523   278  1350  1489  1439   499  2278          
EFV01B  1710  3194  1732  1294  2042  1915  2982  2618    84   501  2680          
EFV01B  1720  2535  1023  1678  2196  2867  3294  4107  4081  2155  1796          
EFV01B  1730  2025  2129  1317  1998   250   467   678  1470    39   152          
EFV01B  1740   264   294  2305  2262   737  1176  1706  2475  2281  1505          
EFV01B  1750  2598  1699  1197   567  1946  1562   360  1036   608  1220          
EFV01B  1760   545  1197  1161  1087  1379   515  2362  2734  2450  1323          
EFV01B  1770  1745  1596  1408  2053  1344  2573  1563  2525  1687  1837          
EFV01B  1780  1556  1638  1054   387   171   106   557  1171   939  1065          
EFV01B  1790   826  1143   795   349   432   600  1521  1126   392  1408          
EFV01B  1800   841  1412  1216  1225   365    41   251   116   252   154          
EFV01B  1810   864   962   574   850  1073   462   242  1070   869   416          
EFV01B  1820   853  1118   399   810  1042  1152   534  1396  1762   637          
EFV01B  1830  1794   151  2035   552   552   704   979  1337   965  1763          
EFV01B  1840   190  1042   552  1048  1345   704   213   488   521  1312          
EFV01B  1850   358   880  1037  1604  1542   699   461   347   242   920          
EFV01B  1860   632   506  1164   215   551   200  1861  1274  1425   726          
EFV01B  1870  1271   981  1237  1228   334  1538   726  1728  1595  2106          
EFV01B  1880  1287  2008   946  1562   785  1789   750  1310  1525   321          
EFV01B  1890   598  1460  1205   379  1674   736   653   375  1725  1168          
EFV01B  1900   951   627   386   775  1063  1186  1289  1950  2098  2610          
EFV01B  1910  1926  1435  1606  2890  1226  2701  3073  1715  1852  1104          
EFV01B  1920  1664  1486   765   861  1713   785   473   710   901  1050          
EFV01B  1930   397  1203  1319   720   799  1095  1347   432  1260  1311          
EFV01B  1940   990  1309  1685  1328  1615  1403   619   772   464   729          
EFV01B  1950  1021  1211   875   143   193    86   513   880  1048   703          
EFV01B  1960   534   525  1140  1499   783  1446   521  1276  1283   663          
EFV01B  1970  1111   913   525   396  1224   806  1134   534  1175   505          
EFV01B  1980   952  1724  1601   831  1042   409  1241   993   267   736          
EFV01B  1990   824 -9999                                                          
EFV13A  1651   751    85   146   384   651   320    89   266   262                
EFV13A  1660   851  1250  1505  1372  1006   728  2024  1746  1671   827          
EFV13A  1670  1845   891  1351  2694  2352  3280  2788  1644  2595  1737          
EFV13A  1680  3151  2729  1570  3011  3772  2269  2245  2300  2597  1736          
EFV13A  1690  2062  1038  1641  1515  2082  1446  1200   839  1772  2414          
EFV13A  1700  3047  3032  2298   384   175   948  1256  1169   441  1244          
EFV13A  1710  1748   950   824  1487  1241  1483  1605   750  1149  1186          
EFV13A  1720   974   959  1185  2000  1827  1702  1252  1318  1711  1826          
EFV13A  1730  1601  1674   991  1590   217   363   529  1221   130   309          
EFV13A  1740    95   235   573   162    64   114   373   641   459   182          
EFV13A  1750   846   611   320   206   453   223    48   488   370   604          
EFV13A  1760   466   638   664   530   482   205   631   506   687   409          
EFV13A  1770   435   506   443   705   353   871   225  1101   634   679          
EFV13A  1780   632   717   503   188   182   422   120   168    93   248          
EFV13A  1790   122    83    62     0     0   118   387   374    88   570          
EFV13A  1800   211   223   552   434    95     0   231    69    54    54          
EFV13A  1810   426   437   255   230   260   216    31   429   407   115          
EFV13A  1820   234   581   248   232   525   589   336   580   830   224          
EFV13A  1830   706    51   633   194   139   241   275   599   544   730          
EFV13A  1840    82   480   264   448   605   221    51   129   225   502          
EFV13A  1850    93   182   298   619   760   354   235    97   120   329          
EFV13A  1860   318   294   468     0   137     0   881   355   393   269          
EFV13A  1870   520   228   432   523   128   576   312   604   603   979          
EFV13A  1880   523   671   783   830   309   731   366   586   998   254          
EFV13A  1890   112   364   572   163   492   292   269    72   580   525          
EFV13A  1900   375   214   263   302   282   496   543  1233  1387  2053          
EFV13A  1910   832   675   724  1831  1057  1372  1818  1205  1189   577          
EFV13A  1920   928  1196   393   629  1056  1175   769   946  1496  1070          
EFV13A  1930   435  1209  1191   676   671   806   643   193   948   931          
EFV13A  1940   803   607  1297   905   948  1095   905   890   720   678          
EFV13A  1950   899  1728  1105   146   167     0   376   432   590   439          
EFV13A  1960   490   382   839  1862  1219  1405   594  1152  1174   997          
EFV13A  1970  1146   905   634   618  1159   879   866   569   734   648          
EFV13A  1980  1063  1380  1546  1182   903   369  1065   902   411   852          
EFV13A  1990   971   976  1416  1306   298   925  1107  1166  1400  1262          
EFV13A  2000  1155   408   429   699   137   700 -9999                            
EFV12A  1604   410   214   611   521   996  1119                                  
EFV12A  1610  1576   795  1205  2422   649  1881  1060  1711  1805  1642          
EFV12A  1620  1282  1793  1420   940  1358  1285  1166  1170  1246   885          
EFV12A  1630  1032   740   566  1834  1092   252   965   510   694   810          
EFV12A  1640  1203   889   541   904   637  1271  1216   920   493   443          
EFV12A  1650   866  1211   872  1254  1264  1058   540   376   540   369          
EFV12A  1660   863  1210   933   676   477   153   706   815   552   394          
EFV12A  1670   656   252   739   648   919  1094  1139   683   483   674          
EFV12A  1680  1474   645   483  1066  1304  1101   775   896   769   697          
EFV12A  1690   913   635  1050   814  1154   910   511   620   809   954          
EFV12A  1700  1517  1382  1151    33   190  1478   933   668   242   791          
EFV12A  1710   762   648   525   665   740   936   812    60   181   518          
EFV12A  1720   557   370   587   630   803   700   854   843   659   719          
EFV12A  1730   769   913   630   928   309   390   613   944   137   120          
EFV12A  1740   312   190   494   718   369   766   682   741   661   793          
EFV12A  1750   845   959   827   522   624   689   106   873   706   918          
EFV12A  1760   691   905   791   996   881   424  1196   985  1175   766          
EFV12A  1770   697   912   768   801   631   978   905  1204   871   863          
EFV12A  1780   821  1109   966   515   232   188   634   925   675   210          
EFV12A  1790   369   541   925   462   266   327   481   407   121   691          
EFV12A  1800   247   411   435   406   150    62   115    85   458   163          
EFV12A  1810   362   524   489   502   491   312    55   620   620   289          
EFV12A  1820   567   683   481   528   543   632   583   874   912   498          
EFV12A  1830   835   186   938   273   550   334   531   878   964  1011          
EFV12A  1840   102   794   468   787   694   547   249   507   482   649          
EFV12A  1850   159   312   268   675   704   373   335   208   200   320          
EFV12A  1860   336   351   434    42   309    80   764   718   540   406          
EFV12A  1870   585   380   282   544   255   419   302   420   624   858          
EFV12A  1880   533   677   652   604   343   702   415   653   868   306          
EFV12A  1890   462   589   679   307   782   595   389   187   615   665          
EFV12A  1900   339   317   298   380   320   527   763  1366  1967  3383          
EFV12A  1910  1797  1559  1452  1972  1166  1669  1511   934  1004   511          
EFV12A  1920   793   690   477   539   593   558   529   511   967   774          
EFV12A  1930   326   719   642   332   450   538   710   392   798  1103          
EFV12A  1940   917   798  1093   876   606   806   472   585   564   553          
EFV12A  1950   812  1046   849   102   118    24   359   306   374   229          
EFV12A  1960   300   239   516   769   412   903   580  1777  1564  1997          
EFV12A  1970  1369  1103  1037   750  1276   874   805   496   714   518          
EFV12A  1980   661  1152  1226  1040   798   442   756  1088   466   415          
EFV12A  1990   596   563   660   767   277   566 -9999                            
EFV14B  1501   123   305   198   324   151   449   364   755   440                
EFV14B  1510   620   224   126    48   127   124   173   184   148   312          
EFV14B  1520   237   558   562   492   691   189   131    86   109   285          
EFV14B  1530   230   335    32    85   178   288   623   581   578   850          
EFV14B  1540   438   215   248   182   325   108   540   265   414   483          
EFV14B  1550   350   970  1137   861   976   712   891   210   251   171          
EFV14B  1560   233   264   457   163  1052  1153   696   535   273    79          
EFV14B  1570   659   519   408  1110   536   258   223  1330   215   871          
EFV14B  1580   276   325   368   261    86   692   401   489   279   552          
EFV14B  1590   636   565   562   266   422   154   982   923   243  1094          
EFV14B  1600   412   693   823   994   723   993   674   203   676  1214          
EFV14B  1610  1271  1956  1016  1112   347  1164   350  1216   611   869          
EFV14B  1620   933  1470   473   994  1056   614   529   364   646   317          
EFV14B  1630   235   115    19   783   402   308   264   346   684  1053          
EFV14B  1640  1887  1889   923   946   364   746   669   400   475   142          
EFV14B  1650   460   500   359   447   863  1466   733   258   341   261          
EFV14B  1660   862  1159   808   430   276   261  1502  1287  1183   711          
EFV14B  1670   882   234  1049   979  1095  1652  1360  1021   487   633          
EFV14B  1680  1006   372   296   402   701   570   348   619   562   731          
EFV14B  1690   543   482   532   477   649   345   567   467   660   482          
EFV14B  1700   907   732  1145   247    62   228   250   223   120   438          
EFV14B  1710   779   403   346   596   362   670   644     0   223   256          
EFV14B  1720   626   542   398   936   847  1000  1534  1763  1478  1422          
EFV14B  1730   951   401   233   206    38   103   171   458   121    74          
EFV14B  1740    42   359   647   448   114   389   698   713   853   347          
EFV14B  1750   763   852   351   195   990   916   407   825   425   600          
EFV14B  1760   217   457   417   407   507   162   791  1363  2085  2143          
EFV14B  1770  1867  1191   706  1163  1069  1166   956   814   630   695          
EFV14B  1780   712   732   870   372   124   104   590  1008   672  1155          
EFV14B  1790   785   808   845   156   181   233   551   396   151   352          
EFV14B  1800   208   221   299   341    94     0    76    37   119    67          
EFV14B  1810   285   391   181   332   303   169    49   294   448   271          
EFV14B  1820   362   623   198   505   694   496   616   690   865  1027          
EFV14B  1830  1036   141   661   345   563   429   719   945  1162  1372          
EFV14B  1840   162   582   324   535   630   328    69   237   196   795          
EFV14B  1850   313   340   464  1125  1368   585   409   540   153   534          
EFV14B  1860   300   310   794   188   229    76   943   601   994   392          
EFV14B  1870   779   714   926   987   356  1021   704   927   891  1200          
EFV14B  1880  1067  1144   662   979   616   616   121   623   915   216          
EFV14B  1890   333   388   400   115   607   310   174   215   567   664          
EFV14B  1900   512   240   157   396   516   549   401   884   976  1021          
EFV14B  1910  1089   911   922  1339   976   819  1237  1133   975   443          
EFV14B  1920   895   813   559   603  1003   723    90   400   580   705          
EFV14B  1930   217   266   255   127    71   235   446   159   451   486          
EFV14B  1940   346   285   434   496   345   449   262   252   239   462          
EFV14B  1950   677   969   469    66   213    26   503   599   371   458          
EFV14B  1960   474   177   684   841   300   747   228   394   657   354          
EFV14B  1970   506   487   472   217   621   422   630   195   678   395          
EFV14B  1980   575   702   899   518   293   101   626   297    52   478          
EFV14B  1990   280   326   416   318    84   520 -9999                            
